1744267952479 0.029840248823165893 1
1744267985245 0.03575524091720581 2
1744268020102 0.03234084248542786 3
1744268053890 0.025032824277877806 4
1744268088295 0.01864425987005234 5
1744268122008 0.04192750453948975 6
1744268157389 0.030462223291397094 7
1744268190414 0.014929208159446716 8
1744268224360 0.06692897081375122 9
1744268258690 0.03301687240600586 10
1744268294882 0.015731534361839293 11
1744268329995 0.05504322648048401 12
1744268361906 0.014052045345306397 13
1744268395172 0.0032258182764053345 14
1744268428272 0.01981244534254074 15
1744268461818 0.009767946600914002 16
1744268497249 0.030265027284622194 17
1744268532174 0.013344269990921021 18
1744268566647 0.032139179110527036 19
1744268600760 0.008586649596691132 20
1744268633879 0.004457622766494751 21
1744268669826 0.022334225475788116 22
1744268703737 0.011263173073530197 23
1744268737871 0.03685351014137268 24
1744268771620 0.04054127931594849 25
1744268804175 0.0358918160200119 26
1744268838899 0.020775170624256135 27
1744268873211 0.024802249670028687 28
1744268906745 0.04754761755466461 29
1744268941020 0.05126388669013977 30
1744268974999 0.0015404662117362022 31
1744269008985 0.013257919251918793 32
1744269045828 0.03605850040912628 33
1744269082895 0.034618863463401796 34
1744269118114 0.016135284304618837 35
1744269151371 0.05564570426940918 36
1744269184285 0.007006523013114929 37
1744269217469 0.012434278428554536 38
1744269249727 0.0277454137802124 39
1744269284469 0.021150341629981993 40
1744269319803 0.0055838443338871 41
1744269352613 0.013380230963230133 42
1744269386238 0.03653720021247864 43
1744269418113 0.04121910333633423 44
1744269451630 0.03677138686180115 45
1744269485196 0.02594498097896576 46
1744269517055 0.023112696409225465 47
1744269548955 0.04411240816116333 48
1744269581805 0.03455243706703186 49
1744269614086 0.02267512083053589 50
1744269662476 0.017798815667629243 51
1744269694949 0.012138065695762635 52
1744269726049 0.0035602901130914687 53
1744269758371 0.031362971663475035 54
1744269790722 0.049387302994728086 55
1744269822347 0.0031635086983442307 56
1744269857209 0.0060137778520584105 57
1744269889670 0.0076260045170784 58
1744269923116 0.01819256544113159 59
1744269957081 0.032102829217910765 60
1744269991001 0.004807957261800766 61
1744270021443 0.011312015354633331 62
1744270053885 0.008229201287031173 63
1744270087277 0.011964160203933715 64
1744270120158 0.022240623831748962 65
1744270153937 0.019281893968582153 66
1744270186530 0.009017736464738847 67
1744270219301 0.037329521775245664 68
1744270256125 0.015927754342556 69
1744270289046 0.0252150297164917 70
1744270321770 0.009512925893068314 71
1744270354755 0.05235440731048584 72
1744270387494 0.01032964140176773 73
1744270420815 0.0227421909570694 74
1744270454592 0.0286028653383255 75
1744270487373 0.0016994381323456765 76
1744270520975 0.0020956242457032203 77
1744270553845 0.03470945060253143 78
1744270586259 0.015389730036258698 79
1744270620360 0.03346709907054901 80
1744270654132 0.05201494097709656 81
1744270687836 0.004862559586763382 82
1744270720677 0.03262287378311157 83
1744270755509 0.01813429743051529 84
1744270787659 0.0210792675614357 85
1744270821556 0.03004449009895325 86
1744270854383 0.03210459649562836 87
1744270887894 0.017104250192642213 88
1744270921716 0.02174436002969742 89
1744270956020 0.010851501673460006 90
1744270989865 0.018680883944034575 91
1744271023173 0.009065172076225281 92
1744271056870 0.029325652122497558 93
1744271090145 0.053785902261734006 94
1744271122759 0.010576412826776505 95
1744271153163 0.012410175800323487 96
1744271185905 0.006363405287265778 97
1744271219484 0.01850360780954361 98
1744271252547 0.0319534957408905 99
1744271286362 0.0055363021790981294 100
