1744201806507 1.183937668800354 1
1744201808241 2.268831491470337 2
1744201809983 1.4681968688964844 3
1744201811719 1.7092288732528687 4
1744201813389 1.5350087881088257 5
1744201815071 1.3105405569076538 6
1744201816776 0.4288768172264099 7
1744201818432 0.9875156879425049 8
1744201820154 0.7386052012443542 9
1744201821961 0.7472193241119385 10
1744201823680 0.1395541876554489 11
1744201825421 0.7871161103248596 12
1744201827125 0.032813191413879395 13
1744201828832 1.3464041948318481 14
1744201830356 1.7939529418945312 15
1744201832128 1.6493048667907715 16
1744201833819 0.458620548248291 17
1744201835497 0.9198798537254333 18
1744201837222 0.7843257784843445 19
1744201838939 0.5683238506317139 20
1744201840635 1.3346467018127441 21
1744201842389 0.28262174129486084 22
1744201844116 1.23060142993927 23
1744201845786 0.2918316423892975 24
1744201847499 0.43687689304351807 25
1744201849188 0.34157460927963257 26
1744201850570 0.8623663783073425 27
1744201852290 0.7351797223091125 28
1744201853981 0.18737101554870605 29
1744201855699 0.16150909662246704 30
1744201857390 0.37812381982803345 31
1744201859110 0.5795451998710632 32
1744201860801 0.031534962356090546 33
1744201862368 0.9648160934448242 34
1744201864073 0.4713115096092224 35
1744201865898 0.8159410357475281 36
1744201867604 0.23379968106746674 37
1744201869307 0.20164847373962402 38
1744201871047 0.07844372093677521 39
1744201872825 0.39683797955513 40
1744201874588 0.6909194588661194 41
1744201876381 0.8599971532821655 42
1744201878164 0.05538201332092285 43
1744201879568 0.9839757680892944 44
1744201881273 0.3950311243534088 45
1744201883020 0.7895511984825134 46
1744201884379 0.026194335892796516 47
1744201886128 0.11071796715259552 48
1744201887922 0.20603659749031067 49
1744201889661 0.32828179001808167 50
1744201934535 0.30152076482772827 51
1744201936278 0.7691546678543091 52
1744201937996 0.3630538880825043 53
1744201939716 0.3713040351867676 54
1744201941417 0.2733420133590698 55
1744201943122 0.6832919716835022 56
1744201944867 0.5208181738853455 57
1744201946654 0.20834872126579285 58
1744201948430 0.3216248154640198 59
1744201950215 0.10040216147899628 60
1744201951916 0.3048437237739563 61
1744201953662 0.535365104675293 62
1744201955440 0.5357828736305237 63
1744201957226 0.21459993720054626 64
1744201958939 0.22545760869979858 65
1744201960721 0.6956051588058472 66
1744201962476 0.17431430518627167 67
1744201964261 0.13275380432605743 68
1744201966072 0.13953548669815063 69
1744201967845 0.0776754692196846 70
1744201969765 0.17490509152412415 71
1744201971475 0.24022400379180908 72
1744201973213 0.313946396112442 73
1744201974912 0.41415730118751526 74
1744201976719 0.3377210199832916 75
1744201978437 0.06650783866643906 76
1744201980193 0.338272362947464 77
1744201981907 0.27136123180389404 78
1744201983320 0.3241310715675354 79
1744201985042 0.046295762062072754 80
1744201986818 0.3338453769683838 81
1744201988534 0.4687867760658264 82
1744201990216 0.029183408245444298 83
1744201992059 0.04728848859667778 84
1744201993880 0.41000279784202576 85
1744201995667 0.18233145773410797 86
1744201997372 0.2907710075378418 87
1744201999140 0.1409098207950592 88
1744202000876 0.4840378165245056 89
1744202002402 0.39683350920677185 90
1744202004121 0.3570498824119568 91
1744202005842 0.5858632326126099 92
1744202007628 0.40607067942619324 93
1744202009374 0.49716153740882874 94
1744202011211 0.43285071849823 95
1744202012685 0.3053928315639496 96
1744202014422 0.2635542154312134 97
1744202016144 0.34389904141426086 98
1744202017890 0.4211561381816864 99
1744202019633 0.3265630900859833 100
