1744201095232 1.209906816482544 1
1744201097013 2.0176053047180176 2
1744201098688 0.9452323913574219 3
1744201100362 1.4553248882293701 4
1744201102097 1.286726951599121 5
1744201103780 2.4932875633239746 6
1744201105618 1.7946078777313232 7
1744201107402 0.1576957255601883 8
1744201109150 1.6879802942276 9
1744201111073 0.6902915239334106 10
1744201112837 1.202751874923706 11
1744201114633 1.5886894464492798 12
1744201116331 1.475949764251709 13
1744201118115 1.5774316787719727 14
1744201119506 1.2218017578125 15
1744201121266 1.4505493640899658 16
1744201123010 1.4070138931274414 17
1744201124703 0.6077170372009277 18
1744201126410 0.5260364413261414 19
1744201128164 1.0278598070144653 20
1744201129930 1.2210590839385986 21
1744201131748 0.5223544836044312 22
1744201133476 0.8071541786193848 23
1744201135205 1.2179160118103027 24
1744201136943 0.26877695322036743 25
1744201138703 0.4637371897697449 26
1744201140073 0.4725266098976135 27
1744201141787 0.6061513423919678 28
1744201143483 1.3726495504379272 29
1744201145231 1.250396966934204 30
1744201146939 0.834246039390564 31
1744201148722 0.17505820095539093 32
1744201150410 0.6277250051498413 33
1744201152247 0.6724789142608643 34
1744201153952 0.6415255069732666 35
1744201155695 0.08525119721889496 36
1744201157411 0.6284685134887695 37
1744201159103 0.9248507618904114 38
1744201160835 0.3557010591030121 39
1744201162640 0.7136731743812561 40
1744201164422 0.7204179763793945 41
1744201166145 1.0207968950271606 42
1744201167938 0.895118772983551 43
1744201169372 0.39190948009490967 44
1744201171154 0.6508669257164001 45
1744201172933 0.4737878143787384 46
1744201174300 0.7286249399185181 47
1744201176003 0.7637933492660522 48
1744201177705 0.8673317432403564 49
1744201179435 1.0608452558517456 50
1744201181136 0.29187241196632385 51
1744201182870 0.9879978895187378 52
1744201184594 0.4415164887905121 53
1744201186290 0.7823833227157593 54
1744201188022 0.5629869103431702 55
1744201189713 0.6615000367164612 56
1744201191427 0.9548351168632507 57
1744201193260 0.7565799355506897 58
1744201194946 0.6584224700927734 59
1744201196696 0.5267850756645203 60
1744201198390 0.4673842787742615 61
1744201200097 0.7150783538818359 62
1744201201803 0.2829296290874481 63
1744201203530 0.48756322264671326 64
1744201205252 0.7435896396636963 65
1744201207031 0.43170666694641113 66
1744201208857 0.7095428705215454 67
1744201210610 0.5575237274169922 68
1744201212339 0.3770853877067566 69
1744201214114 0.6300377249717712 70
1744201215849 0.649637758731842 71
1744201217727 0.7697749137878418 72
1744201219495 0.4688238501548767 73
1744201221236 0.2689128518104553 74
1744201223070 0.7799333333969116 75
1744201224819 0.5805442333221436 76
1744201226606 0.832801342010498 77
1744201228343 0.40926632285118103 78
1744201229814 0.8239758014678955 79
1744201231588 0.3273499011993408 80
1744201233311 0.42464396357536316 81
1744201235017 0.4056728780269623 82
1744201236716 0.17913493514060974 83
1744201238494 0.3713594079017639 84
1744201240206 0.5778429508209229 85
1744201241932 0.6279559135437012 86
1744201243673 0.3625198006629944 87
1744201245439 0.36865559220314026 88
1744201247289 0.3172398507595062 89
1744201248695 0.8323915004730225 90
1744201250429 0.052146416157484055 91
1744201252269 0.3781978487968445 92
1744201254014 0.5055140256881714 93
1744201255735 0.38560640811920166 94
1744201257449 0.2822633385658264 95
1744201258862 0.21447259187698364 96
1744201260644 0.6349399089813232 97
1744201262359 0.14654719829559326 98
1744201264117 0.3678949773311615 99
1744201265828 0.33438873291015625 100
1744201267624 0.3319454491138458 101
1744201269328 0.18103112280368805 102
1744201271034 0.5567939281463623 103
1744201272895 0.5287561416625977 104
1744201274622 0.3084997534751892 105
1744201276317 0.33254486322402954 106
1744201278071 0.2991659343242645 107
1744201279832 0.10726002603769302 108
1744201281608 0.17453278601169586 109
1744201283450 0.2543206810951233 110
1744201285222 0.09665144979953766 111
1744201287059 0.10784313082695007 112
1744201288817 0.3326035141944885 113
1744201290525 0.4527741074562073 114
1744201292203 0.5237678289413452 115
1744201293910 0.550615668296814 116
1744201295612 0.2711308002471924 117
1744201297321 0.4460276961326599 118
1744201298738 0.5494480133056641 119
1744201300561 0.0893452987074852 120
1744201302318 0.2031494677066803 121
1744201304026 0.2011665403842926 122
1744201305721 0.34726575016975403 123
1744201307412 0.2963769733905792 124
1744201309106 0.3356495797634125 125
1744201310471 0.5823974013328552 126
1744201312286 0.21533295512199402 127
1744201314008 0.30145180225372314 128
1744201315743 0.304328054189682 129
1744201317551 0.3410783112049103 130
1744201319275 0.12199173867702484 131
1744201321031 0.2495885193347931 132
1744201322821 0.08067040145397186 133
1744201324533 0.3241408169269562 134
1744201326325 0.1625438928604126 135
1744201328048 0.3881709575653076 136
1744201329833 0.0727229118347168 137
1744201331643 0.22251774370670319 138
1744201333042 0.2719030976295471 139
1744201334745 0.19888845086097717 140
1744201336518 0.143767848610878 141
1744201338223 0.10401315987110138 142
1744201340009 0.31267407536506653 143
1744201341714 0.29688960313796997 144
1744201343407 0.17594797909259796 145
1744201345085 0.21924306452274323 146
1744201346803 0.3319719731807709 147
1744201348506 0.13181272149085999 148
1744201350233 0.4141567349433899 149
1744201352028 0.2210075557231903 150
1744201353425 0.42250239849090576 151
1744201355153 0.410370409488678 152
1744201357015 0.4057345986366272 153
1744201358730 0.20608574151992798 154
1744201360110 0.31435802578926086 155
1744201361803 0.2150757908821106 156
1744201363471 0.24774396419525146 157
1744201365205 0.25328537821769714 158
1744201366929 0.2390122413635254 159
1744201368728 0.15882667899131775 160
1744201370487 0.21604953706264496 161
1744201372245 0.22704246640205383 162
1744201374063 0.11764581501483917 163
1744201375888 0.0964963287115097 164
1744201377674 0.23006591200828552 165
1744201379407 0.1771433800458908 166
1744201381186 0.2404555380344391 167
1744201382970 0.20575162768363953 168
1744201384743 0.2133079171180725 169
1744201386564 0.07708368450403214 170
1744201388350 0.1473810076713562 171
1744201390111 0.25776857137680054 172
1744201391868 0.17004996538162231 173
1744201393660 0.22701987624168396 174
1744201395362 0.23462164402008057 175
1744201397145 0.07523654401302338 176
1744201398920 0.13203899562358856 177
1744201400647 0.1311342716217041 178
1744201402531 0.09733063727617264 179
1744201403985 0.21094049513339996 180
1744201405722 0.21130815148353577 181
1744201407101 0.2681601643562317 182
1744201408818 0.2909487187862396 183
1744201410527 0.18670731782913208 184
1744201412219 0.19107484817504883 185
1744201413953 0.23077891767024994 186
1744201415661 0.20292116701602936 187
1744201417467 0.04013783484697342 188
1744201419163 0.13222068548202515 189
1744201420941 0.07254043966531754 190
1744201422647 0.13163474202156067 191
1744201424429 0.12719124555587769 192
1744201426160 0.25465503334999084 193
1744201427865 0.09951700270175934 194
1744201429624 0.06083519384264946 195
1744201431325 0.13235901296138763 196
1744201433059 0.20718848705291748 197
1744201434845 0.1458112895488739 198
1744201436539 0.1043713390827179 199
1744201438317 0.07148344814777374 200
